
              010101010
           01010       0101
         0101           1010101
       010             1010   101
      010              101     010
     101               010        1
    01               010           1
    01                01           01
   010               101             0
   01 010           1010       101   0
   10 1010             1010   1010   1
   01   01010            10  10101   0
   101   01010           101010101 010
     10   101010        1010101   01
      010   101010    10101      01
         01                   0101
          01    01      0     1
          01  0101    0101    0
          10 101 01  01 010  1
          0101   010101   0101
           01     0101     01
